,date,total_vaccinations,people_vaccinated,total_vaccinations_per_hundred,people_vaccinated_per_hundred,daily_vaccinations_raw,daily_vaccinations,daily_vaccinations_per_million,people_fully_vaccinated,people_fully_vaccinated_per_hundred
0,2020-12-19,61,61,0.0,0.0,,,,,
1,2020-12-20,7432,7432,0.09,0.09,7371.0,7371.0,852.0,,
2,2020-12-21,32302,32302,0.37,0.37,24870.0,16120.0,1862.0,,
3,2020-12-22,76910,76910,0.89,0.89,44608.0,25616.0,2959.0,,
4,2020-12-23,139717,139717,1.6099999999999999,1.6099999999999999,62807.0,34914.0,4034.0,,
5,2020-12-24,213002,213002,2.46,2.46,73285.0,42588.0,4920.0,,
6,2020-12-25,251435,251435,2.9,2.9,38433.0,41896.0,4840.0,,
7,2020-12-26,283986,283986,3.2800000000000002,3.2800000000000002,32551.0,40561.0,4686.0,,
8,2020-12-27,388249,388249,4.49,4.49,104263.0,54402.0,6285.0,,
9,2020-12-28,522942,522942,6.04,6.04,134693.0,70091.0,8098.0,,
10,2020-12-29,678764,678764,7.84,7.84,155822.0,85979.0,9933.0,,
11,2020-12-30,831341,831341,9.6,9.6,152577.0,98803.0,11415.0,,
12,2020-12-31,989331,989331,11.43,11.43,157990.0,110904.0,12813.0,,
13,2021-01-01,1060487,1060487,12.25,12.25,71156.0,115579.0,13353.0,,
14,2021-01-02,1132033,1132033,13.08,13.08,71546.0,121150.0,13997.0,,
15,2021-01-03,1281265,1281265,14.8,14.8,149232.0,127574.0,14739.0,,
16,2021-01-04,1432941,1432939,16.56,16.56,151676.0,130000.0,15019.0,2.0,0.0
17,2021-01-05,1557582,1557580,18.0,18.0,124641.0,125545.0,14505.0,2.0,0.0
18,2021-01-06,1660464,1660462,19.18,19.18,102882.0,118446.0,13684.0,2.0,0.0
19,2021-01-07,1776081,1776076,20.52,20.52,115617.0,112393.0,12985.0,5.0,0.0
20,2021-01-08,1842284,1842276,21.28,21.28,66203.0,111685.0,12903.0,8.0,0.0
21,2021-01-09,1886715,1886685,21.8,21.8,44431.0,107812.0,12456.0,30.0,0.0
22,2021-01-10,1930180,1924166,22.3,22.23,43465.0,92702.0,10710.0,6014.0,0.07
23,2021-01-11,1970387,1945151,22.76,22.47,40207.0,76778.0,8870.0,25236.0,0.29
24,2021-01-12,2029827,1968971,23.45,22.75,59440.0,67464.0,7794.0,60856.0,0.7000000000000001
25,2021-01-13,2138421,2020774,24.71,23.35,108594.0,68280.0,7889.0,117647.0,1.3599999999999999
26,2021-01-14,2263317,2076969,26.15,24.0,124896.0,69605.0,8042.0,186348.0,2.15
27,2021-01-15,2329733,2107523,26.92,24.35,66416.0,69636.0,8045.0,222210.0,2.5700000000000003
28,2021-01-16,2385009,2136845,27.55,24.69,55276.0,71185.0,8224.0,248164.0,2.87
29,2021-01-17,2537581,2205039,29.32,25.48,152572.0,86772.0,10025.0,332542.0,3.84
30,2021-01-18,2727185,2274515,31.51,26.28,189604.0,108114.0,12491.0,452670.0,5.23
31,2021-01-19,2937260,2347159,33.94,27.12,210075.0,129633.0,14977.0,590101.0,6.82
32,2021-01-20,3157050,2423648,36.47,28.0,219790.0,145518.0,16812.0,733402.0,8.47
33,2021-01-21,3390471,2493265,39.17,28.81,233421.0,161022.0,18603.0,897206.0,10.37
34,2021-01-22,3499029,2530960,40.43,29.24,108558.0,167042.0,19299.0,968069.0,11.18
35,2021-01-23,3592296,2570782,41.5,29.7,93267.0,172470.0,19926.0,1021514.0,11.8
36,2021-01-24,3801452,2639684,43.92,30.5,209156.0,180553.0,20860.0,1161768.0,13.42
37,2021-01-25,4021222,2720381,46.46,31.43,219770.0,184862.0,21358.0,1300841.0,15.03
38,2021-01-26,4225642,2798842,48.82,32.34,204420.0,184055.0,21264.0,1426800.0,16.48
39,2021-01-27,4427882,2876485,51.16,33.23,202240.0,181547.0,20975.0,1551397.0,17.92
40,2021-01-28,4637416,2955842,53.58,34.15,209534.0,178135.0,20580.0,1681574.0,19.43
41,2021-01-29,4738484,2992343,54.75,34.57,101068.0,177065.0,20457.0,1746141.0,20.17
42,2021-01-30,4815383,3026598,55.63,34.97,76899.0,174727.0,20187.0,1788785.0,20.67
43,2021-01-31,4947785,3099709,57.16,35.81,132402.0,163762.0,18920.0,1848076.0,21.35
44,2021-02-01,5065154,3181880,58.52,36.76,117369.0,149133.0,17230.0,1883274.0,21.76
45,2021-02-02,5165844,3251679,59.68,37.57,100690.0,134315.0,15518.0,1914165.0,22.11
46,2021-02-03,5277055,3311696,60.97,38.26,111211.0,121310.0,14015.0,1965359.0,22.71
47,2021-02-04,5407248,3384043,62.47,39.1,130193.0,109976.0,12706.0,2023205.0,23.37
48,2021-02-05,5469634,3417797,63.19,39.49,62386.0,104450.0,12067.0,2051837.0,23.71
49,2021-02-06,5513265,3439311,63.7,39.74,43631.0,99697.0,11518.0,2073954.0,23.96
50,2021-02-07,5635628,3493213,65.11,40.36,122363.0,98263.0,11353.0,2142415.0,24.75
51,2021-02-08,5759186,3551639,66.54,41.03,123558.0,99147.0,11455.0,2207547.0,25.5
52,2021-02-09,5892428,3617729,68.08,41.8,133242.0,103798.0,11992.0,2274699.0,26.28
53,2021-02-10,6034525,3688013,69.72,42.61,142097.0,108210.0,12502.0,2346512.0,27.11
54,2021-02-11,6186766,3768903,71.48,43.54,152241.0,111360.0,12866.0,2417863.0,27.93
55,2021-02-12,6263061,3807813,72.36,43.99,76295.0,113347.0,13095.0,2455248.0,28.37
56,2021-02-13,6320747,3835178,73.03,44.31,57686.0,115355.0,13327.0,2485569.0,28.72
57,2021-02-14,6464141,3909778,74.68,45.17,143394.0,118359.0,13674.0,2554363.0,29.51
58,2021-02-15,6620782,3991059,76.49,46.11,156641.0,123085.0,14220.0,2629723.0,30.38
59,2021-02-16,6781986,4074305,78.35,47.07,161204.0,127080.0,14682.0,2707681.0,31.28
60,2021-02-17,6918938,4136011,79.94,47.78,136952.0,126345.0,14597.0,2782927.0,32.15
61,2021-02-18,7067237,4204915,81.65,48.58,148299.0,125782.0,14532.0,2862322.0,33.07
62,2021-02-19,7144694,4244423,82.54,49.04,77457.0,125948.0,14551.0,2900271.0,33.51
63,2021-02-20,7204854,4275973,83.24,49.4,60160.0,126301.0,14592.0,2928881.0,33.84
64,2021-02-21,7362306,4355171,85.06,50.32,157452.0,128309.0,14824.0,3007135.0,34.74
65,2021-02-22,7527218,4439953,86.96,51.3,164912.0,129491.0,14960.0,3087265.0,35.67
66,2021-02-23,7674324,4517058,88.66,52.19,147106.0,127477.0,14728.0,3157266.0,36.48
67,2021-02-24,7797782,4577851,90.09,52.89,123458.0,125549.0,14505.0,3219931.0,37.2
68,2021-02-25,7913656,4629303,91.43,53.48,115874.0,120917.0,13970.0,3284353.0,37.95
69,2021-02-26,7971099,4654969,92.09,53.78,57443.0,118058.0,13640.0,3316130.0,38.31
70,2021-02-27,8010389,4673197,92.55,53.99,39290.0,115076.0,13295.0,3337192.0,38.56
71,2021-02-28,8106168,4713442,93.65,54.46,95779.0,106266.0,12277.0,3392726.0,39.2
72,2021-03-01,8212847,4758942,94.89,54.98,106679.0,97947.0,11316.0,3453905.0,39.9
73,2021-03-02,8318108,4799848,96.1,55.45,105261.0,91969.0,10625.0,3518260.0,40.65
74,2021-03-03,8426458,4841908,97.35,55.94,108350.0,89811.0,10376.0,3584550.0,41.41
75,2021-03-04,8541719,4880464,98.68,56.39,115261.0,89723.0,10366.0,3661255.0,42.3
76,2021-03-05,8599165,4897643,99.35,56.58,57446.0,89724.0,10366.0,3701522.0,42.76
77,2021-03-06,8635070,4908320,99.76,56.71,35905.0,89240.0,10310.0,3726750.0,43.06
78,2021-03-07,8738566,4939304,100.96,57.07,103496.0,90343.0,10438.0,3799262.0,43.89
79,2021-03-08,8838696,4966680,102.12,57.38,100130.0,89407.0,10329.0,3872016.0,44.73
80,2021-03-09,8941549,4993197,103.3,57.69,102853.0,89063.0,10290.0,3948352.0,45.62
81,2021-03-10,9023004,5016268,104.25,57.95,81455.0,85221.0,9846.0,4006736.0,46.29
82,2021-03-11,9114841,5039351,105.31,58.22,91837.0,81875.0,9459.0,4075490.0,47.09
83,2021-03-12,9167184,5050480,105.91,58.35,52343.0,81146.0,9375.0,4116704.0,47.56
84,2021-03-13,9200208,5058368,106.29,58.44,33024.0,80734.0,9327.0,4141840.0,47.85
85,2021-03-14,9294779,5079317,107.39,58.68,94571.0,79459.0,9180.0,4215462.0,48.7
86,2021-03-15,9392532,5099260,108.51,58.91,97753.0,79119.0,9141.0,4293272.0,49.6
87,2021-03-16,9482321,5117853,109.55,59.13,89789.0,77253.0,8925.0,4364468.0,50.42
88,2021-03-17,9558517,5135382,110.43,59.33,76196.0,76502.0,8839.0,4423135.0,51.1
89,2021-03-18,9632268,5151312,111.28,59.51,73751.0,73918.0,8540.0,4480956.0,51.77
90,2021-03-19,9666786,5158100,111.68,59.59,34518.0,71372.0,8246.0,4508686.0,52.09
91,2021-03-20,9687103,5163250,111.92,59.65,20317.0,69556.0,8036.0,4523853.0,52.27
92,2021-03-21,9739025,5175980,112.52,59.8,51922.0,63464.0,7332.0,4563045.0,52.72
